5632
-0
-0
-0
-0.00507545
-0
-0
-0
-0
-0
-0
-0
-0
-0
-0
-0.00339568
-0
-0
-0
-0
-0
-0
-0
-0
-0
-0
6.50883e-005
-0
-0
-0
-0
-0
-0
-0
-0
-0
-0
0.0143642
-0
-0
-0
-0
-0
-0
-0
-0
-0
-0
0.448478
-0
-0
-0
-0
-0
-0
-0
-0
-0
-0
0.141165
-0
-0
-0
-0
-0
-0
-0
-0
-0
-0
0.0971757
-0
-0
-0
-0
-0
-0
-0
-0
-0
0.828529
0.412329
-0
-0
-0
-0
-0
-0
-0
-0
-0
-0
-0.00399435
-0
-0
-0
-0
-0
-0
-0
-0
-0
-0
-0
-0
-0
-0
-0
-0
-0
-0
-0
-0
-0
-1.19209e-007
-0
-0
-0
-0
-0
-0
-0
-0
-0
-0
0.250039
-0
-0
-0
-0
-0
-0
-0
-0
-0
-0
0.349928
-0
-0
-0
-0
-0
-0
-0
-0
-0
-0
-0.25
-0
-0
-0
-0
-0
-0
-0
-0
-0
-0
0.0499035
-0
-0
-0
-0
-0
-0
-0
-0
-0
1.37849
0.400038
-0
-0
-0
-0
-0
-0
-0
-0
-0
-0
0.00279135
-0
-0
-0
-0
-0
-0
-0
-0
-0
-0
-1.19209e-007
-0
-0
-0
-0
-0
-0
-0
-0
-0
-0
-1.19209e-007
-0
-0
-0
-0
-0
-0
-0
-0
-0
-0
0.10001
-0
-0
-0
-0
-0
-0
-0
-0
-0
-0
3.93391e-006
-0
-0
-0
-0
-0
-0
-0
-0
-0
-0
-0.150021
-0
-0
-0
-0
-0
-0
-0
-0.149122
-0.149122
-0.149122
-0.30002
-0
-0
-0
-0
-0
-0
-0
0.149122
-0
1.59151
0.450027
-0
-0
-0
-0
-0
-0
-0
-0
-0
-0
0.0297137
-0
-0
-0
-0
-0
-0
-0
-0
-0
-0
0.300028
-0
-0
-0
-0
-0
-0
-0
-0
-0
-0
-0
-0
-0
-0
-0
-0
-0
-0
-0
-0
-0
2.38419e-007
-0
-0
-0
-0
-0
-0
-0
-0
-0
-0
0.300029
-0
-0
-0
-0
-0
-0
-0
-0
-0
-0
0.0499936
-0
-0
-0
-0
-0
-0
-0
-0
0.149122
-0
0.0499936
-0
-0
-0
-0
-0
-0
-0
-0
-0
1.02962
0.400037
-0
-0
-0
-0
-0
-0
-0
-0
-0
-0
0.844532
-0
-0
-0
-0
-0
-0
-0
-0
-0
-0
-0.0500159
-0
-0
-0
-0
-0
-0
-0
-0
-0
-0
0.20002
-0
-0
-0
-0
-0
-0
-0
-0
-0
-0
0.300028
-0
-0
-0
-0
-0
-0
-0
-0
-0
-0
0.350049
-0
-0
-0
-0
-0
-0
-0
-0
-0
-0
0.500048
-0
-0
-0
-0
-0
-0
-0
-0
-0
-0
0.550038
-0
-0
-0
-0
-0
-0
-0
-0
-0
-0
0.300029
-0
-0
-0
-0
-0
-0
-0
-0
-0
-0
-0.000857174
-0
-0
-0
-0
-0
-0
-0
-0
-0
-0
-0.20004
-0
-0
-0
-0
-0
-0
-0
-0
-0
-0
0.800047
-0
-0
-0
-0
-0
-0
-0
-0
-0
-0
0.250014
-0
-0
-0
-0
-0
-0
-0
-0
-0
-0
0.0499048
-0
-0
-0
-0
-0
-0
-0
-0
-0
-0
0.199935
-0
-0
-0
-0
-0
-0
-0
-0
-0
-0
-0.150019
-0
-0
-0
-0
-0
-0
-0
-0
-0
-0
0.249983
-0
-0
-0
-0
-0
-0
-0
-0
-0
-0
-0.178792
-0
-0
-0
-0
-0
-0
-0
-0
-0
-0
0.200032
-0
-0
-0
-0
-0
-0
-0
-0
-0
-0
-0.149956
-0
-0
-0
-0
-0
-0
-0
-0
-0
-0
-0.300105
-0
-0
-0
-0
-0
-0
-0
-0
-0
-0
0.150074
-0
-0
-0
-0
-0
-0
-0
-0
-0
-0
-0.0500411
-0
-0
-0
-0
-0
-0
-0
-0
-0
-0
-0.199983
-0
-0
-0
-0
-0
-0
-0
-0
-0
-0
0.0500315
-0
-0
-0
-0
-0
-0
-0
-0
-0
-0
-0.202471
-0
-0
-0
-0
-0
-0
-0
-0
-0
-0
-0.250003
-0
-0
-0
-0
-0
-0
-0
-0
-0
-0
-8.30293e-005
-0
-0
-0
-0
-0
-0
-0
-0
-0
-0
-0.049983
-0
-0
-0
-0
-0
-0
-0
-0
-0
-0
-0.0500129
-0
-0
-0
-0
-0
-0
-0
-0
-0
-0
0.100017
-0
-0
-0
-0
-0
-0
-0
-0
-0
-0
-0.25007
-0
-0
-0
-0
-0
-0
-0
-0
-0
-0
-0.249948
-0
-0
-0
-0
-0
-0
-0
-0
-0
-0
-0.00417292
-0
-0
-0
-0
-0
-0
-0
-0
-0
-0
-0.00351202
-0
-0
-0
-0
-0
-0
-0
-0
-0
-0
0.00758862
-0
-0
-0
-0
-0
-0
-0
-0
-0
-0
0.500432
-0
-0
-0
-0
-0
-0
-0
-0
-0
-0
-0.125704
-0
-0
-0
-0
-0
-0
-0
-0
-0
-0
-0.0919239
-0
-0
-0
-0
-0
-0
-0
-0
-0
-0
-0.0246546
-0
-0
-0
-0
-0
-0
-0
-0
-0
-0
-0.0302104
-0
-0
-0
-0
-0
-0
-0
-0
-0
-0
-0.000260472
-0
-0
-0
-0
-0
-0
-0
-0
-0
-0
-0
-0
-0
-0
-0
-0
-0
-0
-0
-0
-0
0.200018
-0
-0
-0
-0
-0
-0
-0
-0
-0
-0
-0.850093
-0
-0
-0
-0
-0
-0
-0
-0
-0
-0
-0.199988
-0
-0
-0
-0
-0
-0
-0
-0
-0
-0
-0.200049
-0
-0
-0
-0
-0
-0
-0
-0
-0
-0
-0.350047
-0
-0
-0
-0
-0
-0
-0
-0
-0
-0
0.0500199
-0
-0
-0
-0
-0
-0
-0
-0
-0
-0
0.0185096
-0
-0
-0
-0
-0
-0
-0
-0
-0
-0
0.200018
-0
-0
-0
-0
-0
-0
-0
-0
-0
-0
-0
-0
-0
-0
-0
-0
-0
-0
-0
-0
-0
0.550035
-0
-0
-0
-0
-0
-0
-0
-0
-0
-0
-0.500015
-0
-0
-0
-0
-0
-0
-0
-0
-0
-0
-0.200049
-0
-0
-0
-0
-0
-0
-0
-0.149223
-0.149223
-0.000101008
-0.300058
-0
-0
-0
-0
-0
-0
-0
0.149223
-0
-0
3.03984e-005
-0
-0
-0
-0
-0
-0
-0
-0
-0
-0
0.737368
-0
-0
-0
-0
-0
-0
-0
-0
-0
-0
-0.400067
-0
-0
-0
-0
-0
-0
-0
-0
-0
-0
0.550035
-0
-0
-0
-0
-0
-0
-0
-0
-0
-0
0.350047
-0
-0
-0
-0
-0
-0
-0
-0
-0
-0
0.650014
-0
-0
-0
-0
-0
-0
-0
-0
-0
-0
-0.300027
-0
-0
-0
-0
-0
-0
-0
-0
0.149223
-0
-0.0499892
-0
-0
-0
-0
-0
-0
-0
-0.372244
-0.372244
-0.372244
-0.450118
-0
-0
-0
-0
-0
-0
-0
-0
-0
-0
-0.918235
-0
-0
-0
-0
-0
-0
-0
-0
-0
-0
-0.149998
-0
-0
-0
-0
-0
-0
-0
-0
-0
-0
0.550005
-0
-0
-0
-0
-0
-0
-0
-0
-0
-0
-0.0500501
-0
-0
-0
-0
-0
-0
-0
-0
-0
-0
0.299967
-0
-0
-0
-0
-0
-0
-0
-0
-0
-0
0.300027
-0
-0
-0
-0
-0
-0
-0
-0
-0
-0
0.300028
-0
-0
-0
-0
-0
-0
-0
-0
0.372244
-0
0.249947
-0
-0
-0
-0
-0
-0
-0
-0
-0
-0
0.168806
-0
-0
-0
-0
-0
-0
-0
-0
-0
-0
-0.150059
-0
-0
-0
-0
-0
-0
-0
-0
-0
-0
0.500015
-0
-0
-0
-0
-0
-0
-0
-0
-0
-0
-0.149968
-0
-0
-0
-0
-0
-0
-0
-0
-0
-0
-0.250068
-0
-0
-0
-0
-0
-0
-0
-0
-0
-0
-0.10004
-0
-0
-0
-0
-0
-0
-0
-0
-0
-0
-0.10007
-0
-0
-0
-0
-0
-0
-0
-0
-0
-0
-0.0999484
-0
-0
-0
-0
-0
-0
-0
-0
-0
-0
-0.132171
-0
-0
-0
-0
-0
-0
-0
-0
-0
-0
-0.149937
-0
-0
-0
-0
-0
-0
-0
-0
-0
-0
-0.10004
-0
-0
-0
-0
-0
-0
-0
-0
-0
-0
-0.149937
-0
-0
-0
-0
-0
-0
-0
-0
-0
-0
-0.0499282
-0
-0
-0
-0
-0
-0
-0
-0
-0
-0
-0.250038
-0
-0
-0
-0
-0
-0
-0
-0
-0
-0
-0.150059
-0
-0
-0
-0
-0
-0
-0
-0
-0
-0
0.199988
-0
-0
-0
-0
-0
-0
-0
-0
-0
-0
-0.211246
-0
-0
-0
-0
-0
-0
-0
-0
-0
-0
0.0500504
-0
-0
-0
-0
-0
-0
-0
-0
-0
-0
-0.0999174
-0
-0
-0
-0
-0
-0
-0
-0
-0
-0
-0.0500807
-0
-0
-0
-0
-0
-0
-0
-0
-0
-0
-6.08265e-005
-0
-0
-0
-0
-0
-0
-0
-0
-0
-0
0.149938
-0
-0
-0
-0
-0
-0
-0
-0
-0
-0
-0.199927
-0
-0
-0
-0
-0
-0
-0
-0.139917
-0.139917
-0.139917
-0.549944
-0
-0
-0
-0
-0
-0
-0
-0
-0
-0
0.0151543
-0
-0
-0
-0
-0
-0
-0
-0
-0
-0
0.00660837
-0
-0
-0
-0
-0
-0
-0
-0
-0
-0
0.0299194
-0
-0
-0
-0
-0
-0
-0
-0
-0
-0
0.610621
-0
-0
-0
-0
-0
-0
-0
-0
-0
-0
-0.509128
-0
-0
-0
-0
-0
-0
-0
-0
-0
-0
-0.0799818
-0
-0
-0
-0
-0
-0
-0
-0
-0
-0
-0.341024
-0
-0
-0
-0
-0
-0
-0
-0
-0
-0
0.0313281
-0
-0
-0
-0
-0
-0
-0
-0
-0
-0
0.0228835
-0
-0
-0
-0
-0
-0
-0
-0
-0
-0
-0
-0
-0
-0
-0
-0
-0
-0
-0
-0
-0
-0
-0
-0
-0
-0
-0
-0
-0
-0
-0
-0
0.800043
-0
-0
-0
-0
-0
-0
-0
-0
-0
-0
-0.650075
-0
-0
-0
-0
-0
-0
-0
-0
-0
-0
-0.199927
-0
-0
-0
-0
-0
-0
-0
-0
-0
-0
-0.199957
-0
-0
-0
-0
-0
-0
-0
-0.139917
-0.139917
-0.139917
-0.249946
-0
-0
-0
-0
-0
-0
-0
-0
-0
-0
0.111645
-0
-0
-0
-0
-0
-0
-0
-0
-0
-0
0.500046
-0
-0
-0
-0
-0
-0
-0
-0
-0
-0
0.250008
-0
-0
-0
-0
-0
-0
-0
-0
-0
-0
0.700064
-0
-0
-0
-0
-0
-0
-0
-0
-0
-0
-0.750084
-0
-0
-0
-0
-0
-0
-0
-0
-0
-0
-0.249947
-0
-0
-0
-0
-0
-0
-0
-0.333164
-0.333164
-0.183941
-0.349925
-0
-0
-0
-0
-0
-0
-0
-0.0232069
-0.216453
-0.356371
-0.200049
-0
-0
-0
-0
-0
-0
-0
-0
-0
-0
1.53069
-0
-0
-0
-0
-0
-0
-0
-0
-0
-0
-0.850093
-0
-0
-0
-0
-0
-0
-0
-0
-0
-0
-0.149968
-0
-0
-0
-0
-0
-0
-0
-0
-0
-0
1.04996
-0
-0
-0
-0
-0
-0
-0
-0
-0
-0
0.249977
-0
-0
-0
-0
-0
-0
-0
-0
-0
-0
6.10948e-005
-0
-0
-0
-0
-0
-0
-0
-0
0.333164
-0
-0.100101
-0
-0
-0
-0
-0
-0
-0
-0.680952
-0.324582
-0.308708
-0.649922
-0
-0
-0
-0
-0
-0
-0
-0
-0
-0
-0.9117
-0
-0
-0
-0
-0
-0
-0
-0
-0
-0
-0.349987
-0
-0
-0
-0
-0
-0
-0
-0
-0
-0
0.499985
-0
-0
-0
-0
-0
-0
-0
-0
-0
-0
-0.200079
-0
-0
-0
-0
-0
-0
-0
-0
-0
-0
-5.96046e-008
-0
-0
-0
-0
-0
-0
-0
-0
-0
-0
3.06368e-005
-0
-0
-0
-0
-0
-0
-0
-0
-0
-0
0.10004
-0
-0
-0
-0
-0
-0
-0
-0.0842469
0.596706
-0.0842469
-0.250038
-0
-0
-0
-0
-0
-0
-0
-0
-0
-0
-0.0198486
-0
-0
-0
-0
-0
-0
-0
-0
-0
-0
-0.300058
-0
-0
-0
-0
-0
-0
-0
-0
-0
-0
0.350047
-0
-0
-0
-0
-0
-0
-0
-0
-0
-0
-0.349956
-0
-0
-0
-0
-0
-0
-0
-0
-0
-0
-0.0999483
-0
-0
-0
-0
-0
-0
-0
-0
-0
-0
0.0500197
-0
-0
-0
-0
-0
-0
-0
-0
-0
-0
3.03984e-005
-0
-0
-0
-0
-0
-0
-0
-0
0.0842469
-0
-0.249947
-0
-0
-0
-0
-0
-0
-0
0.134641
0.881046
0.881046
-0.0230947
-0
-0
-0
-0
0.0336507
-0
-0
-0.117647
0.763399
0.763399
-0.0500198
-0
-0
-0
-0
-0
-0
-0
-0.763399
-0
-0
-0.0500808
-0
-0
-0
-0
-0
-0
-0
0.858824
0.858824
0.858824
-0.0500503
-0
-0
-0
-0
-0
-0
-0
0.0222222
0.881046
0.881046
-6.09457e-005
-0
-0
-0
-0
-0
-0
-0
-0.0117647
0.869281
0.869281
-0.199988
-0
-0
-0
-0
-0
-0
-0
-0.00653593
0.862745
0.862745
-0.0499588
-0
-0
-0
-0
-0
-0
-0
-0.0130719
0.849673
0.849673
-6.09308e-005
-0
-0
-0
-0
-0
-0
-0
0.0418301
-0.027451
0.853595
-0.258489
-0
-0
-0
-0
0.0279095
-0
-0
-0.853595
-0.763399
-0
0.349895
-0
-0
-0
-0
-0
-0
-0
-0
-0
-0
0.149938
-0
-0
-0
-0
-0
-0
-0
0.853595
-0.00522876
0.853595
-0.0999482
-0
-0
-0
-0
-0
-0
-0
-0.014379
-0.04183
0.839216
0.0500198
-0
-0
-0
-0
-0
-0
-0
0.0457516
0.0156863
0.884967
0.200018
-0
-0
-0
-0
-0
-0
-0
0.00261434
0.0248365
0.887582
-0.200049
-0
-0
-0
-0
-0
-0
-0
-0.188454
-0.150546
0.839045
-0.450026
-0
-0
-0
-0
-0
-0
-0
-0
-0
-0
0.242704
-0
-0
-0
-0
-0
-0
-0
-0
-0
-0
0.197739
-0
-0
-0
-0
-0
-0
-0
-0
-0
-0
0.236206
-0
-0
-0
-0
-0
-0
-0
-0
-0
-0
1.10644
-0
-0
-0
-0
-0
-0
-0
-0
-0
-0
-0.517857
-0
-0
-0
-0
-0
-0
-0
0.667974
-0.222222
0.667974
-0.142456
-0
-0
-0
-0
-0
0.00767124
-0
0.180392
-0.0143791
0.848366
-0.288899
-0
-0
-0
-0
-0
0.0139337
-0
-0.848366
-0
-0
0.125206
-0
-0
-0
-0
-0
-0
-0
-0
-0
-0
0.392622
-0
-0
-0
-0
-0
-0
-0
-0
-0
-0
0.300027
-0
-0
-0
-0
-0
-0
-0
-0
-0
-0
0.250008
-0
-0
-0
-0
-0
-0
-0
-0
-0
-0
1.10004
-0
-0
-0
-0
-0
-0
-0
0.888889
0.888889
0.888889
-0.650044
-0
-0
-0
-0
-0
-0
-0
-0.14902
0.0718954
0.739869
-0.250038
-0
-0
-0
-0
-0
-0
-0
0.10719
-0.00130717
0.847059
-0.250008
-0
-0
-0
-0
-0
-0
-0
-0.265579
0.58148
0.721398
-0.200018
-0
-0
-0
-0
-0
-0
-0
-0
-0
-0
0.415736
-0
-0
-0
-0
-0
-0
-0
-0
-0
-0
0.799951
-0
-0
-0
-0
-0
-0
-0
-0
-0
-0
0.850062
-0
-0
-0
-0
-0
-0
-0
-0
-0
-0
1.14994
-0
-0
-0
-0
-0
-0
-0
-0.281142
-1.17003
-0.281142
-1.74993
-0
-0
-0
-0
-0
-0
-0
1.15434
0.133333
0.873203
-0.350017
-0
-0
-0
-0
-0
-0
-0
-0.0902951
-0.0641514
1.11607
-0.10007
-0
-0
-0
-0
-0
-0
-0
-1.35732
-1.1559
-0.218045
-0.450056
-0
-0
-0
-0
-0
-0
-0
-0
-0
-0
1.35124
-0
-0
-0
-0
-0
-0
-0
-0
-0
-0
-1.35005
-0
-0
-0
-0
-0
-0
-0
-0
-0
-0
-0.349986
-0
-0
-0
-0
-0
-0
-0
-0
-0
-0
0.699911
-0
-0
-0
-0
-0
-0
-0
-0
0.281142
-0
0.550066
-0
-0
-0
-0
-0
-0
-0
-0
-0.873203
-0
0.0499283
-0
-0
-0
-0
-0
-0
-0
0.700654
-0.0822539
0.700654
0.0500199
-0
-0
-0
-0
-0
-0
-0
-1.23915
0.035916
0.142453
-0.500046
-0
-0
-0
-0
-0
-0
-0
0.900654
0.900654
0.900654
-0.877399
-0
-0
-0
-0
0.0287851
-0
-0
-0.133823
0.76683
0.76683
-0.550005
-0
-0
-0
-0
-0
-0
-0
-0.76683
-0
-0
0.699912
-0
-0
-0
-0
-0
-0
-0
-0
-0
-0
-0.149907
-0
-0
-0
-0
-0
-0
-0
-0
-0
-0
-0.0500809
-0
-0
-0
-0
-0
-0
-0
-0
-0
-0
0.349925
-0
-0
-0
-0
-0
-0
-0
0.913726
0.213072
0.913726
0.0999788
-0
-0
-0
-0
-0
-0
-0
-0.989832
0.462392
0.00813994
-0.250069
-0
-0
-0
-0
-0
-0
-0
-0.0300653
-0.137255
0.763399
-0.212749
-0
-0
-0
-0
0.0697642
-0
-0
0.105882
0.102451
0.869281
-0.0500198
-0
-0
-0
-0
-0
-0
-0
-0.154248
0.715033
0.715033
0.149998
-0
-0
-0
-0
-0
-0
-0
0.19085
0.905882
0.905882
-0.200079
-0
-0
-0
-0
-0
-0
-0
-0.0326797
0.873203
0.873203
-0.0500503
-0
-0
-0
-0
-0
-0
-0
-0.00915035
0.864052
0.864052
-0.299997
-0
-0
-0
-0
-0
-0
-0
-0.0117647
-0.0614379
0.852288
0.149937
-0
-0
-0
-0
-0
-0
-0
-0.0235294
0.904865
0.828758
-0.150059
-0
-0
-0
-0
-0
-0
-0
0.133333
0.118954
0.00130717
-0.212357
-0
-0
-0
-0
0.0386985
-0
-0
-0.129412
-0.11634
-0.0104574
-0.149907
-0
-0
-0
-0
-0
-0
-0
0.0549019
0.0928104
0.807843
-0.199957
-0
-0
-0
-0
-0
-0
-0
0.0614379
-0.0366013
0.0104575
-0.299905
-0
-0
-0
-0
-0
-0
-0
-0
-0.00392159
-0.0117647
0.0500198
-0
-0
-0
-0
-0
-0
-0
-0.00915035
-0.00392159
-0.00915035
-0.0999177
-0
-0
-0
-0
-0
-0
-0
-0.00261434
0.00522876
-0.00522876
-0.300058
-0
-0
-0
-0
-0
-0
-0
0.0130719
0.04183
0.020915
-0.199866
-0
-0
-0
-0
-0
-0
-0
0.0156863
-0.0405229
-0.0117647
-0.107636
-0
-0
-0
-0
0.0337019
-0
-0
-0.0928105
-0.00392159
0.74902
-0.249886
-0
-0
-0
-0
-0
-0
-0
-0
-0.0588235
0.74902
0.249947
-0
-0
-0
-0
-0
-0
-0
0.10719
-0.0130719
0.00261442
-0.0499283
-0
-0
-0
-0
-0
-0
-0
-0.00915035
-0.0222222
0.0078431
6.0983e-005
-0
-0
-0
-0
-0
-0
-0
0.0313725
0.0183007
-0.00653593
0.200049
-0
-0
-0
-0
-0
-0
-0
0.00915027
0.0300653
-0
-0.149968
-0
-0
-0
-0
-0
-0
-0
-0.17129
-0.154297
0.0171644
-0.399945
-0
-0
-0
-0
-0
-0
-0
-0
-0
-0
0.272344
-0
-0
-0
-0
-0
-0
-0
-0
-0
-0
0.228267
-0
-0
-0
-0
-0
-0
-0
-0
-0
-0
0.329891
-0
-0
-0
-0
-0
-0
-0
-0
-0
-0
1.03723
-0
-0
-0
-0
-0
-0
-0
0.877124
-0.0117648
0.877124
-0.931166
-0
-0
-0
-0
-0
0.0100496
-0
-0.130719
-0.124183
0.0784314
-0.0380979
-0
-0
-0
-0
-0
0.0101077
-0
0.122876
-0.00653593
0.020915
-0.126803
-0
-0
-0
-0
-0
0.0217722
-0
-0.112418
-0.00522868
0.756863
-0.45338
-0
-0
-0
-0
-0
0.0552133
-0
-0
-0
-0
-0.0234704
-0
-0
-0
-0
-0
-0
-0
-0
-0
-0
-0.0499589
-0
-0
-0
-0
-0
-0
-0
-0
-0
-0
-0.0999786
-0
-0
-0
-0
-0
-0
-0
-0
-0
-0
0.800012
-0
-0
-0
-0
-0
-0
-0
0.536676
-0.340448
-0.352213
-1.34993
-0
-0
-0
-0
-0
-0
-0
0.233258
0.0235294
0.0300654
-0.249977
-0
-0
-0
-0
-0
-0
-0
0.101961
0.00261442
0.0248366
-0.249947
-0
-0
-0
-0
-0
-0
-0
-0.414667
-0.299634
-0.124252
-0.149937
-0
-0
-0
-0
-0
-0
-0
-0
-0
-0
0.218171
-0
-0
-0
-0
-0
-0
-0
-0
-0
-0
0.599902
-0
-0
-0
-0
-0
-0
-0
-0
-0
-0
0.600055
-0
-0
-0
-0
-0
-0
-0
-0
-0
-0
0.399914
-0
-0
-0
-0
-0
-0
-0
-0
-0.536676
0.281142
2.49998
-0
-0
-0
-0
-0
-0
-0
0.593394
-0.17654
-0.279808
-1.14994
-0
-0
-0
-0
-0
-0
-0
-0.0183836
-0.296885
-0.207897
-0.200018
-0
-0
-0
-0
-0
-0
-0
-0.451367
-0.333584
0.69806
-0.449995
-0
-0
-0
-0
-0
-0
-0
-0
-0
-0
1.36905
-0
-0
-0
-0
-0
-0
-0
0.875817
0.875817
0.875817
-1.29994
-0
-0
-0
-0
-0
-0
-0
-0.00915035
0.866667
0.866667
-0.100101
-0
-0
-0
-0
-0
-0
-0
-0.866667
-0
-0
0.250008
-0
-0
-0
-0
-0
-0
-0
0.947712
0.947712
0.947712
-0.449995
-0
-0
-0
-0
-0
-0
-0
-0.126797
0.227521
0.820915
0.349925
-0
-0
-0
-0
-0
-0
-0
0.0392157
0.28512
0.159477
6.10128e-005
-0
-0
-0
-0
-0
-0
-0
-0.545762
0.190725
0.852868
-0.449995
-0
-0
-0
-0
-0
-0
-0
0.899346
0.899346
-0.00130725
-0.908624
-0
-0
-0
-0
0.0174807
-0
-0
-0.0156862
0.00784318
0.11683
-0.399945
-0
-0
-0
-0
-0
-0
-0
-0.141176
-0.124183
0.742484
0.199927
-0
-0
-0
-0
-0
-0
-0
0.109804
0.852288
0.852288
-0.250008
-0
-0
-0
-0
-0
-0
-0
0.00392151
-0.0915033
0.856209
0.149999
-0
-0
-0
-0
-0
-0
-0
0.0640523
0.0993464
0.920261
0.349986
-0
-0
-0
-0
-0
-0
-0
0.0078431
0.0679738
0.014379
-0.0999177
-0
-0
-0
-0
-0
-0
-0
-0.459239
0.154496
0.544972
-0.499924
-0
-0
-0
-0
-0
-0
-0
-0.74902
-0.899346
-0.763399
-0.183504
-0
-0
-0
-0
-0
-0
-0
0.858824
-0.0248366
-0.0104575
-0.0499283
-0
-0
-0
-0
-0
-0
-0
-0.141176
-0.0248366
0.00261434
0.350078
-0
-0
-0
-0
-0
-0
-0
0.19085
0.0562091
0.00261434
-0.149968
-0
-0
-0
-0
-0
-0
-0
-0.0366012
0.0156864
-0.00130717
3.0458e-005
-0
-0
-0
-0
-0
-0
-0
-0.0117648
-0.0601308
-0.00392159
-0.199927
-0
-0
-0
-0
-0
-0
-0
0.0104575
-0.0575163
0.0183006
-0.099948
-0
-0
-0
-0
-0
-0
-0
-0.0313725
0.370351
0.0104574
-0.0499895
-0
-0
-0
-0
-0
-0
-0
-0
-0
-0.882353
-0.182813
-0
-0
-0
-0
-0
-0
-0
-0
-0.858824
-0.752941
-0.100009
-0
-0
-0
-0
-0
-0
-0
-0
-0.717647
-0.807843
-0.200079
-0
-0
-0
-0
-0
-0
-0
-0
-0.908497
-0.869281
-0.249977
-0
-0
-0
-0
-0
-0
-0
-0
-0.871895
-0.869281
0.0999481
-0
-0
-0
-0
-0
-0
-0
-0
-0.860131
-0.860131
-0.100009
-0
-0
-0
-0
-0
-0
-0
-0
-0.870588
-0.857516
-0.199927
-0
-0
-0
-0
-0
-0
-0
-0
-0.839216
-0.870588
-0.100009
-0
-0
-0
-0
-0
-0
-0
-0
-0
-0.84183
-0.132138
-0
-0
-0
-0
-0
-0
-0
-0
-0
-0.74902
-0.149998
-0
-0
-0
-0
-0
-0
-0
0.701961
0.701961
-0.0470588
0.300088
-0
-0
-0
-0
-0
-0
-0
-0.701961
-0
-0.856209
-0.0500196
-0
-0
-0
-0
-0
-0
-0
-0
-0
-0.847059
0.0500199
-0
-0
-0
-0
-0
-0
-0
-0
-0
-0.878431
0.200018
-0
-0
-0
-0
-0
-0
-0
-0
-0
-0.887582
-0.200079
-0
-0
-0
-0
-0
-0
-0
-0.140172
-0.140172
-0.856464
-0.400067
-0
-0
-0
-0
-0
-0
-0
-0
-0
-0
0.121008
-0
-0
-0
-0
-0
-0
-0
-0
-0
-0
0.0905849
-0
-0
-0
-0
-0
-0
-0
-0
-0
-0
0.196144
-0
-0
-0
-0
-0
-0
-0
-0
-0
-0
0.96439
-0
-0
-0
-0
-0
-0
-0
0.884967
-0.027451
0.00784318
-0.890783
-0
-0
-0
-0
-0
0.00833673
-0
-0.884967
-0
-0.746405
-0.294253
-0
-0
-0
-0
-0
-0
-0
-0
-0
-0.869281
-0.386038
-0
-0
-0
-0
-0
-0
-0
-0
-0
-0.756863
-0.316467
-0
-0
-0
-0
-0
-0
-0
-0
-0
-0
0.0129674
-0
-0
-0
-0
-0
-0
-0
-0
-0
-0
-0.0500198
-0
-0
-0
-0
-0
-0
-0
-0
-0
-0
-0.100009
-0
-0
-0
-0
-0
-0
-0
-0
-0
-0
0.850001
-0
-0
-0
-0
-0
-0
-0
-0.430782
-1.31575
-0.967459
-1.40001
-0
-0
-0
-0
-0
-0
-0
0.430782
-0
-0.769935
-0.250069
-0
-0
-0
-0
-0
-0
-0
-9.92107e-005
-9.92107e-005
-0.871995
-0.250038
-0
-0
-0
-0
-0
-0
-0
-0.116989
-0.117088
-0.574316
-0.10004
-0
-0
-0
-0
-0
-0
-0
-0
-0
-0
0.0157739
-0
-0
-0
-0
-0
-0
-0
-0
-0
-0
0.650044
-0
-0
-0
-0
-0
-0
-0
-0
-0
-0
0.699973
-0
-0
-0
-0
-0
-0
-0
-0
-0
-0
0.149938
-0
-0
-0
-0
-0
-0
-0
-0
0.430782
-0
1.84991
-0
-0
-0
-0
-0
-0
-0
-0
-0
-0.593394
-0.899899
-0
-0
-0
-0
-0
-0
-0
-0
9.92107e-005
-0.575011
0.05002
-0
-0
-0
-0
-0
-0
-0
0.205248
0.322336
0.0816039
-0.449904
-0
-0
-0
-0
-0
-0
-0
0.884967
0.884967
0.884967
0.81031
-0
-0
-0
-0
-0.01578
-0
-0
-0.0222222
0.862745
-0.0130719
-1.14988
-0
-0
-0
-0
-0
-0
-0
-0.0496732
0.813072
-0.0535947
-0.299936
-0
-0
-0
-0
-0
-0
-0
0.020915
0.833987
0.833987
0.149907
-0
-0
-0
-0
-0
-0
-0
0.0784314
0.912418
-0.0352941
-0.249886
-0
-0
-0
-0
-0
-0
-0
0.0143791
0.926797
0.105882
0.300027
-0
-0
-0
-0
-0
-0
-0
-0.926797
-0
-0.860131
-0.0500808
-0
-0
-0
-0
-0
-0
-0
0.324937
0.119689
0.0105685
-0.449904
-0
-0
-0
-0
-0
-0
-0
-0.848366
-0.884967
-0.899346
-0.858439
-0
-0
-0
-0
-0
-0
-0
-0
-0.862745
-0.88366
-0.350078
-0
-0
-0
-0
-0
-0
-0
0.735948
-0.0771241
-0.00653593
0.10007
-0
-0
-0
-0
-0
-0
-0
0.0875816
-0.0104575
-0.0287582
0.0500809
-0
-0
-0
-0
-0
-0
-0
-0.823529
-0.912418
-0.856209
-0.349986
-0
-0
-0
-0
-0
-0
-0
-0
-0.926797
-0.920261
0.199957
-0
-0
-0
-0
-0
-0
-0
-0
-0
-0.928105
0.0500201
-0
-0
-0
-0
-0
-0
-0
-0
-0.324937
-0.468865
0.149937
-0
-0
-0
-0
-0
-0
-0
-0
-0
-0
-0.203208
-0
-0
-0
-0
-0
-0
-0
-0
-0
-0.858824
-0
-0
-0
-0
-0
-0
-0
-0
-0
-0.735948
-0.717647
0.100039
-0
-0
-0
-0
-0
-0
-0
-0
-0.823529
-0.908497
-6.10948e-005
-0
-0
-0
-0
-0
-0
-0
-0
-0
-0.871895
-0.149968
-0
-0
-0
-0
-0
-0
-0
-0
-0
-0.860131
-0.0999786
-0
-0
-0
-0
-0
-0
-0
-0
-0
-0.870588
5.96046e-008
-0
-0
-0
-0
-0
-0
-0
-0
-0
-0.839216
0.149968
-0
-0
-0
-0
-0
-0
-0
-0
-0
-0
-0.290189
-0
-0
-0
-0
-0
-0
-0
-0
-0
-0
-0.150059
-0
-0
-0
-0
-0
-0
-0
-0
-0
-0
0.150029
-0
-0
-0
-0
-0
-0
-0
-0
-0
-0
-0.250038
-0
-0
-0
-0
-0
-0
-0
-0
-0
-0
-0.150029
-0
-0
-0
-0
-0
-0
-0
-0
-0
-0
-0.0500501
-0
-0
-0
-0
-0
-0
-0
-0
-0
-0
-0.149999
-0
-0
-0
-0
-0
-0
-0
-0
-0
-0
-0.349986
-0
-0
-0
-0
-0
-0
-0
0.280654
-0
-0
-0.269736
-0
-0
-0
-0
-0
-0
-0
-9.89207e-005
-9.89207e-005
-9.89207e-005
-0.150059
-0
-0
-0
-0
-0
-0
-0
9.89207e-005
-0
-0.701961
0.200018
-0
-0
-0
-0
-0
-0
-0
-0
-0
-0
-0.0500501
-0
-0
-0
-0
-0
-0
-0
-0
-0
-0
0.0999483
-0
-0
-0
-0
-0
-0
-0
-0
-0
-0
0.249947
-0
-0
-0
-0
-0
-0
-0
-0
-0
-0
-0.249916
-0
-0
-0
-0
-0
-0
-0
-0
-0
0.140172
-0.299936
-0
-0
-0
-0
-0
-0
-0
-0
-0
-0
0.117124
-0
-0
-0
-0
-0
-0
-0
-0
-0
-0
0.0838612
-0
-0
-0
-0
-0
-0
-0
-0
-0
-0
0.186659
-0
-0
-0
-0
-0
-0
-0
-0
-0
-0
0.89946
-0
-0
-0
-0
-0
-0
-0
-0
-0
-0.884967
-0.624894
-0
-0
-0
-0
-0
-0
-0
-0
-0
-0
-0.395192
-0
-0
-0
-0
-0
-0
-0
-0
-0
-0
-0.457418
-0
-0
-0
-0
-0
-0
-0
-0
-0
-0
-0.304177
-0
-0
-0
-0
-0
-0
-0
0.00915027
0.816993
0.816993
0.0144551
-0
-0
-0
-0
-0.0484599
-0
-0
0.0405229
0.857516
0.857516
-0.0500503
-0
-0
-0
-0
-0
-0
-0
-0.0104576
0.847059
0.847059
-0.10004
-0
-0
-0
-0
-0
-0
-0
0.0379086
0.884967
0.884967
0.79989
-0
-0
-0
-0
-0
-0
-0
-1.04207
-0.157107
0.273675
-1.09992
-0
-0
-0
-0
-0
-0
-0
0.157107
-0
-0
-0.299936
-0
-0
-0
-0
-0
-0
-0
-0
-0
9.92107e-005
-0.199926
-0
-0
-0
-0
-0
-0
-0
-0.140172
-0.140172
-0.0230839
-0.250068
-0
-0
-0
-0
-0
-0
-0
0.0418301
0.0496732
0.866667
0.0619989
-0
-0
-0
-0
-0.0552282
-0
-0
0.00261442
0.0117647
0.869281
0.649953
-0
-0
-0
-0
-0
-0
-0
0.020915
0.0431373
0.890196
1.09989
-0
-0
-0
-0
-0
-0
-0
0.00392159
0.00915035
0.894118
0.250038
-0
-0
-0
-0
-0
-0
-0
0.0418301
1.09305
0.935948
1.5999
-0
-0
-0
-0
-0
-0
-0
-1.11
-0.174052
-0.174052
-0.94998
-0
-0
-0
-0
-0
-0
-0
0.174052
-0
-0
0.0498981
-0
-0
-0
-0
-0
-0
-0
-0.671116
-0.530944
-0.876364
-0.699912
-0
-0
-0
-0
-0
-0
-0
0.0640523
0.0457516
0.027451
0.880062
-0
-0
-0
-0
-0.0688587
-0
-0
-0.912418
-0.869281
-0.862745
-1.09998
-0
-0
-0
-0
-0
-0
-0
-0
-0.890196
-0.813072
-0.200018
-0
-0
-0
-0
-0
-0
-0
0.845752
-0.0483661
0.0117647
0.300027
-0
-0
-0
-0
-0
-0
-0
-0.845752
-0.935948
-0.912418
-0.199957
-0
-0
-0
-0
-0
-0
-0
-0
0.174052
-0.926797
0.349925
-0
-0
-0
-0
-0
-0
-0
-0
-0
-0
9.14037e-005
-0
-0
-0
-0
-0
-0
-0
-0.326539
0.344577
-0.651476
-0.349986
-0
-0
-0
-0
-0
-0
-0
-0.856209
-0.912418
-0
-0.914091
-0
-0
-0
-0
-0
-0
-0
-0
-0
-0
-0.349925
-0
-0
-0
-0
-0
-0
-0
-0
-0
-0.735948
0.249977
-0
-0
-0
-0
-0
-0
-0
-0
-0.845752
-0.823529
-0.199927
-0
-0
-0
-0
-0
-0
-0
-0
-0
-0
-0.150059
-0
-0
-0
-0
-0
-0
-0
-0
-0
-0
-3.03388e-005
-0
-0
-0
-0
-0
-0
-0
-0
-0
-0
-0.0999789
-0
-0
-0
-0
-0
-0
-0
-0
0.326539
-0
-6.08563e-005
-0
-0
-0
-0
-0
-0
-0
-0.867418
-1.02514
-1.02514
-2.86973
-0
-0
-0
-0
-0
-0
-0
1.02514
-0
-0
0.099887
-0
-0
-0
-0
-0
-0
-0
-0
-0
-0
-0.0999172
-0
-0
-0
-0
-0
-0
-0
-0
-0
-0
-0.200079
-0
-0
-0
-0
-0
-0
-0
-0
-0
-0
-0.0500503
-0
-0
-0
-0
-0
-0
-0
-0
-0
-0
-6.10948e-005
-0
-0
-0
-0
-0
-0
-0
-0.970341
-0.970341
-0.970341
-2.24995
-0
-0
-0
-0
-0
-0
-0
0.970341
-0
-0
-0.0500503
-0
-0
-0
-0
-0
-0
-0
-0.923608
0.025811
-0.999324
-2.7923
-0
-0
-0
-0
-0
-0
-0
-0.0531833
-1.05251
-1.05251
-2.24989
-0
-0
-0
-0
-0
-0
-0
1.05251
-0
-0
0.149907
-0
-0
-0
-0
-0
-0
-0
-1
-1
-1
-2.29991
-0
-0
-0
-0
-0
-0
-0
-0
-1
-1
-2.19993
-0
-0
-0
-0
-0
-0
-0
0.0547671
-0.945233
-0.945233
-2.09989
-0
-0
-0
-0
-0
-0
-0
-0.0547671
-0.0296592
-1
-2.30003
-0
-0
-0
-0
-0
-0
-0
-0.0490108
-1.04901
-1.04901
-2.40001
-0
-0
-0
-0
-0
-0
-0
-0.952019
-0.0246455
-1.02397
-3.12502
-0
-0
-0
-0
-0
-0
-0
-0.129781
-0.101243
-1.15365
-2.29991
-0
-0
-0
-0
-0
-0
-0
1.15375
-0
-0
0.199927
-0
-0
-0
-0
-0
-0
-0
-0.972606
0.0273936
-0.972606
-2.14991
-0
-0
-0
-0
-0
-0
-0
0.0553784
0.0827721
-0.917228
-1.94992
-0
-0
-0
-0
-0
-0
-0
-0.0561249
-0.02812
-0.973353
-2.25004
-0
-0
-0
-0
-0
-0
-0
0.0266286
0.0532757
-0.946724
-2.00003
-0
-0
-0
-0
-0
-0
-0
-0.128433
-0.0261464
-1.07516
-2.44996
-0
-0
-0
-0
-0
-0
-0
0.0169934
0.00522876
0.80915
0.176326
-0
-0
-0
-0
-0.01819
-1.62691e-005
-0
0.0535948
0.0627451
0.862745
0.0884245
-0
-0
-0
-0
-0
-9.66681e-006
-0
-0.0431372
-0.0444444
0.819608
0.227599
-0
-0
-0
-0
-0
3.24851e-005
-0
0.0601307
-0.0078431
0.879739
0.917779
-0
-0
-0
-0
-0
0.000110813
-0
-0.879739
-0
-0
-1.00558
-0
-0
-0
-0
-0
-0
-0
-0.946724
-0.8102
-0.946724
-2.88991
-0
-0
-0
-0
-0
-0
-0
-0.103183
-0.929862
-1.04991
-3.10539
-0
-0
-0
-0
-0
-0
-0
-0.0517772
-1.02336
-1.10168
-2.8211
-0
-0
-0
-0
-0
-0
-0
0.0156863
0.0196079
0.0117647
0.0119989
-0
-0
-0
-0
-0.0337979
-0
-0
0.0209151
-0.0130719
-0.0078431
-0.0499893
-0
-0
-0
-0
-0
-0
-0
0.0287581
0.0588235
0.0313726
0.299997
-0
-0
-0
-0
-0
-0
-0
0.0183006
0.0169934
0.0117647
0.799982
-0
-0
-0
-0
-0
-0
-0
-0.896787
-5.53144e-005
0.157052
-1.00003
-0
-0
-0
-0
-0
-0
-0
-1.04985
-0.103183
-1.04991
-2.54997
-0
-0
-0
-0
-0
-0
-0
-0.0497784
-0.0497784
-1.09969
-2.40001
-0
-0
-0
-0
-0
-0
-0
-0.214342
-0.212343
-1.17386
-2.7499
-0
-0
-0
-0
-0
-0
-0
0.0300654
0.033987
-0.00392151
0.0915406
-0
-0
-0
-0
-0.0498966
-0
-0
0.00915027
0.0222221
0.00261434
1.74999
-0
-0
-0
-0
-0
-0
-0
-0.871895
-0.878431
-0.890196
-1.24989
-0
-0
-0
-0
-0
-0
-0
0.879739
-0.0169934
-0.0143791
0.950072
-0
-0
-0
-0
-0
-0
-0
-0.879739
5.53144e-005
-0.935948
0.999939
-0
-0
-0
-0
-0
-0
-0
-1.07755
-0.027638
-0.903493
-2.64992
-0
-0
-0
-0
-0
-0
-0
0.0242708
0.0464112
-1.05327
-2.09992
-0
-0
-0
-0
-0
-0
-0
-0.252597
0.00815612
-0.634755
-2.64998
-0
-0
-0
-0
-0
-0
-0
-0.869281
-0.862745
-0.912418
0.862646
-0
-0
-0
-0
-0
-0
-0
-1.018
-1.8899
-1.018
-3.39995
-0
-0
-0
-0
-0
-0
-0
1.018
-0
-0
-6.07371e-005
-0
-0
-0
-0
-0
-0
-0
-0
-0.879739
-0.845752
0.100009
-0
-0
-0
-0
-0
-0
-0
-0
-0
-0
-0.0500808
-0
-0
-0
-0
-0
-0
-0
-0
1.07755
-0
0.300058
-0
-0
-0
-0
-0
-0
-0
-0.970341
0.0829337
-0.970341
-2.04999
-0
-0
-0
-0
-0
-0
-0
0.643658
0.979188
-0.000144167
-0.350078
-0
-0
-0
-0
-0
-0
-0
-1.41421
-1.41421
-1.41421
-5.46041
-0
-0
-0
-0
-0
-0
-0
0.343258
-0.0529544
-1.07096
-2.49998
-0
-0
-0
-0
-0
-0
-0
1.07096
-0
-0
0.299936
-0
-0
-0
-0
-0
-0
-0
-0.85553
-0.85553
-0.85553
-2.15
-0
-0
-0
-0
-0
-0
-0
-0.0603824
-0.915913
-0.915913
-2.24992
-0
-0
-0
-0
-0
-0
-0
0.0272724
-0.88864
-0.88864
-2.04993
-0
-0
-0
-0
-0
-0
-0
-0.543941
-0.46224
-1.43258
-4.25004
-0
-0
-0
-0
-0
-0
-0
0.490077
-0.615821
-0.942504
-2.0499
-0
-0
-0
-0
-0
-0
-0
-7.54812e-007
1.41421
1.02514
6.48546
-0
-0
-0
-0
-0
-0
-0
-1.43166
-0.360709
-1.43166
-6.34986
-0
-0
-0
-0
-0
-0
-0
0.483559
-0.948105
-0.948105
-2.25001
-0
-0
-0
-0
-0
-0
-0
-0.466108
-0.558683
-1.41421
-4.49989
-0
-0
-0
-0
-0
-0
-0
-0
-0.498301
-1.41421
-4.39991
-0
-0
-0
-0
-0
-0
-0
-0.317837
-0.84341
-1.73205
-6.39988
-0
-0
-0
-0
-0
-0
-0
1.73205
1.43258
0.970341
7.69991
-0
-0
-0
-0
-0
-0
-0
-1.43166
-0.48916
-1.43166
-6.44987
-0
-0
-0
-0
-0
-0
-0
-0
-0
-0
2.39151
-0
-0
-0
-0
-0
-0
-0
-0
-0
-0
5.84991
-0
-0
-0
-0
-0
-0
-0
-1.41421
-0.466108
-1.41421
-6.29987
-0
-0
-0
-0
-0
-0
-0
-0
-0
-0
5.84991
-0
-0
-0
-0
-0
-0
-0
-0
-0
-0
3.84994
-0
-0
-0
-0
-0
-0
-0
-0
-0
-0
3.84994
-0
-0
-0
-0
-0
-0
-0
-0
-0
-0
1.89999
-0
-0
-0
-0
-0
-0
-0
-0
-0
-0
5.89993
-0
-0
-0
-0
-0
-0
-0
-0
-0
-0
2.30207
-0
-0
-0
-0
-0
-0
-0
-0
-0
-0
5.74993
-0
-0
-0
-0
-0
-0
-0
-1.41421
-0
-1.41421
-6.24989
-0
-0
-0
-0
-0
-0
-0
-0
-0
-0
3.84994
-0
-0
-0
-0
-0
-0
-0
-0
-0
-0
1.84997
-0
-0
-0
-0
-0
-0
-0
-0
-0
-0
1.89999
-0
-0
-0
-0
-0
-0
-0
-0
-0
-0
1.89999
-0
-0
-0
-0
-0
-0
-0
-0
-0
-0
1.94998
-0
-0
-0
-0
-0
-0
-0
