5632
0.317773
-0
-0.839216
-0.0332652
-0
-0
-0
-0
-0
-0
-0
-0.372258
-0.372258
-1.21278
-0.150059
-0
-0
-0
-0
-0
-0
-0
0.13959
-0.232668
-1.07058
-0.116703
-0
-0
-0
-0
-0
-0
-0
-0.0448777
-0.277545
-1.11545
-0.0833764
-0
-0
-0
-0
-0
-0
-0
0.0311848
-0.246361
-1.07904
-0.10004
-0
-0
-0
-0
-0
-0
-0
0.246361
-0
-0.848366
-0.0833765
-0
-0
-0
-0
-0
-0
-0
-0
-0
-0.836601
-0.083407
-0
-0
-0
-0
-0
-0
-0
-0.174357
-0.174357
-1.00834
-0.116703
-0
-0
-0
-0
-0
-0
-0
-1.3214
-0.667801
-1.16838
-0.283303
-0
-0
-0
-0
-0
-0
-0
1.18066
0.885114
0.978126
0.166631
-0
-0
-0
-0
-0
-0
-0
0.182569
0.928093
0.918954
0.133305
-0
-0
-0
-0
-0
-0
-0
-0.341502
0.631468
0.436577
0.0333261
-0
-0
-0
-0
-0
-0
-0
0.329737
0.930021
0.771445
0.233284
-0
-0
-0
-0
-0
-0
-0
-1.77818
-1.09452
-1.47191
-0.333262
-0
-0
-0
-0
-0
-0
-0
0.47834
-0.616184
-1.18221
-0.166601
-0
-0
-0
-0
-0
-0
-0
1.02589
0.584068
0.195686
3.0458e-005
-0
-0
-0
-0
-0
-0
-0
0.00261442
1.341
0.0640523
0.0667134
-0
-0
-0
-0
-0
-0
-0
-0.0169935
0.143353
0.0117647
0.0333872
-0
-0
-0
-0
-0
-0
-0
0.0287582
-0.0104575
0.0679739
0.10004
-0
-0
-0
-0
-0
-0
-0
-0.00915035
0.321894
0.0235294
0.0333873
-0
-0
-0
-0
-0
-0
-0
-0.0196078
-0.0274509
0.418376
0.0500503
-0
-0
-0
-0
-0
-0
-0
-0.00784318
1.74289
0.0457516
0.133366
-0
-0
-0
-0
-0
-0
-0
0.0248367
1.28939
0.274427
0.200018
-0
-0
-0
-0
-0
-0
-0
-0.0470588
0.216434
0.731604
0.10004
-0
-0
-0
-0
-0
-0
-0
0.027451
0.189542
0.0183007
0.0666524
-0
-0
-0
-0
-0
-0
-0
-0.0156863
0.19085
-0.00392159
0.116642
-0
-0
-0
-0
-0
-0
-0
-0
0.162091
0.0209151
-0.0666219
-0
-0
-0
-0
-0
-0
-0
-0.00522876
0.166013
-0.00130717
0.0166936
-0
-0
-0
-0
-0
-0
-0
-0.0104575
0.175163
0.0313725
0.0166936
-0
-0
-0
-0
-0
-0
-0
-0
0.183007
0.0405229
0.0500198
-0
-0
-0
-0
-0
-0
-0
-0.0104575
0.147712
0.0104575
3.04505e-005
-0
-0
-0
-0
-0
-0
-0
0.0235294
0.218301
0.0156863
0.0166936
-0
-0
-0
-0
-0
-0
-0
0.00261442
0.0169934
0.0078431
0.166662
-0
-0
-0
-0
-0
-0
-0
0.00130725
0.033987
0.00392167
0.183325
-0
-0
-0
-0
-0
-0
-0
-0.00392167
0.0300653
0.0104575
0.299997
-0
-0
-0
-0
-0
-0
-0
-0.149638
-0.114344
-0.144409
-0.0999786
-0
-0
-0
-0
-0
-0
-0
0.154867
0.0509804
0.00653601
0.0666829
-0
-0
-0
-0
-0
-0
-0
0.0117647
0.0627451
0.0300654
0.0333567
-0
-0
-0
-0
-0
-0
-0
0.0078431
0.0810457
0.0117647
-0.0499589
-0
-0
-0
-0
-0
-0
-0
-0.0287581
0.0287582
-0.0104575
0.066683
-0
-0
-0
-0
-0
-0
-0
0.0156863
0.0418301
0.0078431
-0.433302
-0
-0
-0
-0
-0
-0
-0
-0.0117647
0.0287581
-0.0352941
-0.116642
-0
-0
-0
-0
-0
-0
-0
-1.47395
-1.44127
-0.837687
-0.48323
-0
-0
-0
-0
-0
-0
-0
1.40598
0.114344
-0.0627451
1.16657
-0
-0
-0
-0
-0
-0
-0
0.0470588
0.00653593
-0.0261438
0.383374
-0
-0
-0
-0
-0
-0
-0
0.0143791
0.00915035
0.00915035
0.183386
-0
-0
-0
-0
-0
-0
-0
-0.0156864
-0.0143791
-0.00784318
0.0333567
-0
-0
-0
-0
-0
-0
-0
-0.00130717
0.0130719
0.00915035
3.04803e-005
-0
-0
-0
-0
-0
-0
-0
-0.0405229
-0.0169934
0.0222222
3.0458e-005
-0
-0
-0
-0
-0
-0
-0
-0.904575
-0.909804
-0.882353
-0.0332346
-0
-0
-0
-0
-0
-0
-0
-0
0.56415
-0.887582
-0.0167545
-0
-0
-0
-0
-0
-0
-0
-0
-0.84183
-0.873203
-0.350017
-0
-0
-0
-0
-0
-0
-0
-0
-0.888889
-0.523138
-0.200018
-0
-0
-0
-0
-0
-0
-0
-0.218433
-1.1217
-1.00798
-0.500076
-0
-0
-0
-0
-0
-0
-0
1.08118
-0.0248365
-0.0313725
0.433393
-0
-0
-0
-0
-0
-0
-0
0.00653593
-0.0169934
-0.0130719
3.05474e-005
-0
-0
-0
-0
-0
-0
-0
-0.91634
-0.904575
-0.877124
9.15825e-005
-0
-0
-0
-0
-0
-0
-0
-0
-0
-0.895425
0.0498978
-0
-0
-0
-0
-0
-0
-0
-0
-0
-0
-0.0833155
-0
-0
-0
-0
-0
-0
-0
-0
-0
-0
0.0166633
-0
-0
-0
-0
-0
-0
-0
-0
-0
-0
-0.0999787
-0
-0
-0
-0
-0
-0
-0
-0
0.218433
0.390381
-0.0499892
-0
-0
-0
-0
-0
-0
-0
-0.586707
-1.44945
-1.34618
-0.666707
-0
-0
-0
-0
-0
-0
-0
1.44814
-0.0078431
0.0470588
0.200049
-0
-0
-0
-0
-0
-0
-0
-0
-0.447091
-0.447091
-0.149998
-0
-0
-0
-0
-0
-0
-0
0.200983
-0.246107
0.126151
-0.0999785
-0
-0
-0
-0
-0
-0
-0
-0.246109
-0.492216
-0.259548
-0.166631
-0
-0
-0
-0
-0
-0
-0
0.364222
-0.127994
0.149551
-0.0333261
-0
-0
-0
-0
-0
-0
-0
-0.118113
-0.246107
0.000253271
-0.0666523
-0
-0
-0
-0
-0
-0
-0
-0.125882
-0.371989
-0.371989
-0.133305
-0
-0
-0
-0
-0
-0
-0
0.371989
-0
-0
-0.0166327
-0
-0
-0
-0
-0
-0
-0
-0
-0
0.174357
-0.0666221
-0
-0
-0
-0
-0
-0
-0
0.188235
1.07716
1.29787
0.150029
-0
-0
-0
-0
-0
-0
-0
-0.186996
0.689177
-0.0697865
0.0167242
-0
-0
-0
-0
-0
-0
-0
-0.720127
0.215159
-0.972482
-0.0166021
-0
-0
-0
-0
-0
-0
-0
-0.0312133
-0.180276
-0.662193
6.09159e-005
-0
-0
-0
-0
-0
-0
-0
0.897813
0.83565
-0.0941176
0.10004
-0
-0
-0
-0
-0
-0
-0
-0.589543
0.371989
1.09452
0.200049
-0
-0
-0
-0
-0
-0
-0
-1.48964
-1.48964
-0.873452
-0.466658
-0
-0
-0
-0
-0
-0
-0
1.14307
-0.346562
-0.756272
-6.09756e-005
-0
-0
-0
-0
-0
-0
-0
0.00392159
0.122876
0.0797385
0.0499283
-0
-0
-0
-0
-0
-0
-0
0.00915027
0.319022
0.105882
0.0665914
-0
-0
-0
-0
-0
-0
-0
-0.0222222
1.01693
0.0549019
0.116611
-0
-0
-0
-0
-0
-0
-0
-0.0535947
0.994545
0.0104575
0.066622
-0
-0
-0
-0
-0
-0
-0
0.0130719
0.109804
0.0431372
0.066622
-0
-0
-0
-0
-0
-0
-0
-0.00261434
0.696732
0.048366
0.066622
-0
-0
-0
-0
-0
-0
-0
0.0130719
2.19944
0.0366012
0.21662
-0
-0
-0
-0
-0
-0
-0
-0.0431372
1.01323
0.0405228
0.0833154
-0
-0
-0
-0
-0
-0
-0
-0.0222222
0.0901961
-0.0196079
0.0333872
-0
-0
-0
-0
-0
-0
-0
0.0392157
0.120262
0.0352941
0.0500808
-0
-0
-0
-0
-0
-0
-0
-0.0235294
0.118954
0.0117647
0.0166021
-0
-0
-0
-0
-0
-0
-0
-0.00130725
0.171242
0.0156862
-0.0333872
-0
-0
-0
-0
-0
-0
-0
-0.0117647
0.146405
0.014379
-0.0166936
-0
-0
-0
-0
-0
-0
-0
0.00653601
0.155556
0.020915
0.0332957
-0
-0
-0
-0
-0
-0
-0
0.0169934
0.159477
0.048366
-0.0500198
-0
-0
-0
-0
-0
-0
-0
-0.0104575
0.192157
0.0143791
-3.04431e-005
-0
-0
-0
-0
-0
-0
-0
0.0287582
0.0496732
0.0130719
0.166723
-0
-0
-0
-0
-0
-0
-0
-0.00522884
0.00522868
0.00653585
0.200079
-0
-0
-0
-0
-0
-0
-0
0.0196079
0.048366
0.0300654
0.133244
-0
-0
-0
-0
-0
-0
-0
-0.00784318
0.0418301
0.17186
0.350108
-0
-0
-0
-0
-0
-0
-0
-0.0169934
0.0366014
-0
0.266579
-0
-0
-0
-0
-0
-0
-0
0.0183006
0.048366
0.00653593
-3.05474e-005
-0
-0
-0
-0
-0
-0
-0
-0.00261434
0.0287582
-0.00392151
0.0666219
-0
-0
-0
-0
-0
-0
-0
-0.00653601
0.0326797
0.0183006
0.0499588
-0
-0
-0
-0
-0
-0
-0
-0.894118
-0.892811
-0.921569
-0.250069
-0
-0
-0
-0
-0
-0
-0
-0
-0.887582
-0.909804
-0.133396
-0
-0
-0
-0
-0
-0
-0
-0
-0.90719
0.56415
-0.0333567
-0
-0
-0
-0
-0
-0
-0
-0
-0.899346
-0.84183
-0.649953
-0
-0
-0
-0
-0
-0
-0
-0.426193
-1.30855
-1.31508
-0.666586
-0
-0
-0
-0
-0
-0
-0
1.35168
0.0248366
0.0222222
0.449934
-0
-0
-0
-0
-0
-0
-0
-0.0431372
-0.0156863
-0.00522868
-0.0666831
-0
-0
-0
-0
-0
-0
-0
-0.00522884
-0.0143791
-0.00915035
0.0499589
-0
-0
-0
-0
-0
-0
-0
-0
-0
-0.904575
-3.05772e-005
-0
-0
-0
-0
-0
-0
-0
-0
-0
-0
-0.016663
-0
-0
-0
-0
-0
-0
-0
-0
-0
-0
-0.0166023
-0
-0
-0
-0
-0
-0
-0
-0
-0
-0
0.0334177
-0
-0
-0
-0
-0
-0
-0
-0
0.426193
-0
-0.0334484
-0
-0
-0
-0
-0
-0
-0
-0.29469
-1.22018
-0.0762567
-0.383221
-0
-0
-0
-0
-0
-0
-0
1.10776
-0.0692811
-0.0496732
0.533311
-0
-0
-0
-0
-0
-0
-0
0.0535947
-0.0104575
-0.00261442
0.0332956
-0
-0
-0
-0
-0
-0
-0
-0
-0
-0
-0.016663
-0
-0
-0
-0
-0
-0
-0
-0
-0
-0
6.08563e-005
-0
-0
-0
-0
-0
-0
-0
-0
-0
-0
-0.066744
-0
-0
-0
-0
-0
-0
-0
-0
-0
-0
0.0332651
-0
-0
-0
-0
-0
-0
-0
-0
-0
-0
-0.0666828
-0
-0
-0
-0
-0
-0
-0
-0
0.29469
-0
-0.0167547
-0
-0
-0
-0
-0
-0
-0
-0.213569
-1.02664
0.373138
-0.283242
-0
-0
-0
-0
-0
-0
-0
1.05278
-0.027451
-0.0222223
0.399976
-0
-0
-0
-0
-0
-0
-0
0.0605359
-0.447337
-0.000246018
-0.116703
-0
-0
-0
-0
-0
-0
-0
0.11386
-0.333477
-0.0873693
-0.0833766
-0
-0
-0
-0
-0
-0
-0
0.100809
-0.232668
0.259548
-0.10004
-0
-0
-0
-0
-0
-0
-0
-0.259828
-0.492496
-0.364501
-0.116703
-0
-0
-0
-0
-0
-0
-0
0.492263
-0.000232553
0.245875
-6.10352e-005
-0
-0
-0
-0
-0
-0
-0
-0.246128
-0.24636
0.125629
-0.0833765
-0
-0
-0
-0
-0
-0
-0
-0.400858
-0.647218
-0.647218
-0.216681
-0
-0
-0
-0
-0
-0
-0
0.647218
-0
-0
0.0166019
-0
-0
-0
-0
-0
-0
-0
-0.000431544
0.446905
-0.630497
0.0499284
-0
-0
-0
-0
-0
-0
-0
0.000431544
0.333477
-0.44307
0.133274
-0
-0
-0
-0
-0
-0
-0
-0.55725
-0.324582
-0.280193
-0.0333568
-0
-0
-0
-0
-0
-0
-0
0.356943
0.292188
0.107963
0.0332957
-0
-0
-0
-0
-0
-0
-0
-0
-0.200075
-0.78985
-3.04878e-005
-0
-0
-0
-0
-0
-0
-0
-0.247088
-0.201035
-0.447395
-3.0458e-005
-0
-0
-0
-0
-0
-0
-0
0.447395
0.647218
1.48964
0.416578
-0
-0
-0
-0
-0
-0
-0
-0.984739
-0.984739
-0.638177
-0.26661
-0
-0
-0
-0
-0
-0
-0
-0.014379
0.759909
0.00653593
6.10054e-005
-0
-0
-0
-0
-0
-0
-0
0.0326797
0.792157
0.0300654
0.0167241
-0
-0
-0
-0
-0
-0
-0
0.00915035
1.35856
0.0614379
0.0667134
-0
-0
-0
-0
-0
-0
-0
-0.801307
0.200307
-0.686275
0.016724
-0
-0
-0
-0
-0
-0
-0
-0
0.200307
-0.699346
6.09756e-005
-0
-0
-0
-0
-0
-0
-0
0.776471
1.22387
0.0797385
0.133366
-0
-0
-0
-0
-0
-0
-0
-0.776471
-0
-0.709804
-0.0166022
-0
-0
-0
-0
-0
-0
-0
-0
0.984739
-0.666667
0.166692
-0
-0
-0
-0
-0
-0
-0
-0.00130717
0.112418
0.0287582
0.0333262
-0
-0
-0
-0
-0
-0
-0
0.00522876
0.0849674
-0.00522876
0.0333262
-0
-0
-0
-0
-0
-0
-0
-0.0117648
0.0640523
0.00653593
0.100009
-0
-0
-0
-0
-0
-0
-0
-0.0169934
0.848366
-0.00915027
-0.0832851
-0
-0
-0
-0
-0
-0
-0
-0
0.848366
0.00261442
0.0833461
-0
-0
-0
-0
-0
-0
-0
-0.00130717
0.0705883
-0.00522876
-0.0166326
-0
-0
-0
-0
-0
-0
-0
0.0261438
0.873203
0.00392159
0.0666829
-0
-0
-0
-0
-0
-0
-0
-0.873203
-0
-0.858824
-0.0332958
-0
-0
-0
-0
-0
-0
-0
-0.00261442
0.014379
-0.00653601
0.166662
-0
-0
-0
-0
-0
-0
-0
0.00653601
0.0156863
0.00522884
0.199988
-0
-0
-0
-0
-0
-0
-0
0.0117647
0.0392157
-0.00261434
0.316721
-0
-0
-0
-0
-0
-0
-0
-0.0130719
0.0431372
-0.0078431
0.333323
-0
-0
-0
-0
-0
-0
-0
-0.0078431
0.0352941
0.00130717
0.233375
-0
-0
-0
-0
-0
-0
-0
-0.0130719
0.0235294
-0.0300654
3.04282e-005
-0
-0
-0
-0
-0
-0
-0
0.00784318
0.00522876
-0.0196079
0.0500198
-0
-0
-0
-0
-0
-0
-0
0.0104575
0.888889
-0.00261434
0.0666829
-0
-0
-0
-0
-0
-0
-0
-0.903268
-0.886275
-0
-0.26664
-0
-0
-0
-0
-0
-0
-0
-0
-0.892811
-0
-0.116581
-0
-0
-0
-0
-0
-0
-0
-0
-0.904575
-0
-0.133427
-0
-0
-0
-0
-0
-0
-0
-0
-0.891503
-0
-0.283364
-0
-0
-0
-0
-0
-0
-0
-0.351106
-1.23477
0.0750865
-0.41673
-0
-0
-0
-0
-0
-0
-0
0.351106
-0.870588
-0.92549
0.700064
-0
-0
-0
-0
-0
-0
-0
-0
-0.878431
-0.882353
0.166723
-0
-0
-0
-0
-0
-0
-0
-0
-0.888889
-0.877124
-0.0499588
-0
-0
-0
-0
-0
-0
-0
-0
-0
-0
9.14931e-005
-0
-0
-0
-0
-0
-0
-0
-0
-0
-0
-9.16421e-005
-0
-0
-0
-0
-0
-0
-0
-0
-0
-0
-0.0833155
-0
-0
-0
-0
-0
-0
-0
-0
-0
-0
-0.0166632
-0
-0
-0
-0
-0
-0
-0
-0
0.351106
-0
-0.0832849
-0
-0
-0
-0
-0
-0
-0
-0
-0
0.29469
-0.250008
-0
-0
-0
-0
-0
-0
-0
-0.218288
-0.218288
-1.03136
-0.483383
-0
-0
-0
-0
-0
-0
-0
0.218288
-0
-0.866667
0.200049
-0
-0
-0
-0
-0
-0
-0
-0
-0
-0
-0.0334178
-0
-0
-0
-0
-0
-0
-0
-0
-0
-0
-3.05176e-005
-0
-0
-0
-0
-0
-0
-0
-0
-0
-0
-0.0332958
-0
-0
-0
-0
-0
-0
-0
-0
-0
-0
-0.0499589
-0
-0
-0
-0
-0
-0
-0
-0
-0
-0
-0.0166326
-0
-0
-0
-0
-0
-0
-0
-0
-0
-0
0.0333567
-0
-0
-0
-0
-0
-0
-0
-0.632409
-0.414122
-0.41884
-0.333323
-0
-0
-0
-0
-0
-0
-0
0.632409
-0
-0.839216
0.766747
-0
-0
-0
-0
-0
-0
-0
0.244112
-0.38842
0.0589163
-0.0999786
-0
-0
-0
-0
-0
-0
-0
0.284752
-0.103669
0.229808
-0.0499893
-0
-0
-0
-0
-0
-0
-0
-0.54334
-0.647008
-0.41434
-0.21662
-0
-0
-0
-0
-0
-0
-0
-0.221267
-0.868275
-0.375779
-0.116672
-0
-0
-0
-0
-0
-0
-0
0.421184
-0.447091
-0.446858
-0.0999789
-0
-0
-0
-0
-0
-0
-0
0.200983
-0.246108
0.000252226
-0.0499896
-0
-0
-0
-0
-0
-0
-0
-0.142312
-0.38842
0.258798
-0.116642
-0
-0
-0
-0
-0
-0
-0
0.155994
-0.232426
-0.232426
-0.0833157
-0
-0
-0
-0
-0
-0
-0
-0
0.38842
0.000431544
0.166692
-0
-0
-0
-0
-0
-0
-0
-0
0.103669
-0
0.0833767
-0
-0
-0
-0
-0
-0
-0
-0
0.647008
0.55725
0.200018
-0
-0
-0
-0
-0
-0
-0
-0
0.868275
0.200307
0.0833764
-0
-0
-0
-0
-0
-0
-0
-0
0.447091
0.200307
0.116703
-0
-0
-0
-0
-0
-0
-0
-0.173721
0.0723877
0.273675
0.016724
-0
-0
-0
-0
-0
-0
-0
0.173721
0.38842
-0
0.133366
-0
-0
-0
-0
-0
-0
-0
-0
0.232426
0.984739
0.066744
-0
-0
-0
-0
-0
-0
-0
-0
-0
-0.759477
0.0666219
-0
-0
-0
-0
-0
-0
-0
-0
-0
-0.792157
-0.0333568
-0
-0
-0
-0
-0
-0
-0
-0
-0
-0.801307
-0.0166937
-0
-0
-0
-0
-0
-0
-0
-0
-0
-0
0.0499588
-0
-0
-0
-0
-0
-0
-0
-0
-0
-0
0.0499588
-0
-0
-0
-0
-0
-0
-0
-0
0.173721
-0.776471
0.0666219
-0
-0
-0
-0
-0
-0
-0
-0
-0
-0
0.0999481
-0
-0
-0
-0
-0
-0
-0
-0
-0
-0
0.0332959
-0
-0
-0
-0
-0
-0
-0
-0
-0
-0.871895
0.0166327
-0
-0
-0
-0
-0
-0
-0
-0
-0
-0.877124
0.0332958
-0
-0
-0
-0
-0
-0
-0
-0
-0
-0.865359
0.233284
-0
-0
-0
-0
-0
-0
-0
-0
-0
-0.848366
-3.05176e-005
-0
-0
-0
-0
-0
-0
-0
-0
-0
-0.848366
0.0166326
-0
-0
-0
-0
-0
-0
-0
-0
-0
-0.847059
-0.0166936
-0
-0
-0
-0
-0
-0
-0
-0
-0
-0.873203
-0.0666828
-0
-0
-0
-0
-0
-0
-0
-0
-0
-0
-0.016663
-0
-0
-0
-0
-0
-0
-0
-0
-0
-0.886275
0.166631
-0
-0
-0
-0
-0
-0
-0
-0
-0
-0.892811
0.366619
-0
-0
-0
-0
-0
-0
-0
-0.326704
-0.326704
-1.23128
-0.68334
-0
-0
-0
-0
-0
-0
-0
0.326704
-0
-0.891503
0.699942
-0
-0
-0
-0
-0
-0
-0
-0
-0
-0.88366
0.283273
-0
-0
-0
-0
-0
-0
-0
-0
-0
-0.870588
0.233314
-0
-0
-0
-0
-0
-0
-0
-0
-0
-0.878431
2.08616e-007
-0
-0
-0
-0
-0
-0
-0
-0
-0
-0.888889
1.19209e-007
-0
-0
-0
-0
-0
-0
-0
-0
-0
-0
-0.266701
-0
-0
-0
-0
-0
-0
-0
-0
-0
-0
-0.100009
-0
-0
-0
-0
-0
-0
-0
-0
0.326704
-0
0.0500501
-0
-0
-0
-0
-0
-0
-0
-0
-0
-0
-0.283242
-0
-0
-0
-0
-0
-0
-0
-0
-0
0.351106
-0.199896
-0
-0
-0
-0
-0
-0
-0
-0.380325
-0.380325
-0.380325
-0.666769
-0
-0
-0
-0
-0
-0
-0
0.380325
-0
-0
0.350047
-0
-0
-0
-0
-0
-0
-0
-0
-0
-0
1.49012e-007
-0
-0
-0
-0
-0
-0
-0
-0
-0
-0
-0.0166936
-0
-0
-0
-0
-0
-0
-0
-0
-0
-0
6.08861e-005
-0
-0
-0
-0
-0
-0
-0
-0
-0
-0
-0.066744
-0
-0
-0
-0
-0
-0
-0
-0
-0
-0
-6.07371e-005
-0
-0
-0
-0
-0
-0
-0
-0
-0
-0
-0.0500504
-0
-0
-0
-0
-0
-0
-0
-0
0.380325
-0
-0.0833459
-0
-0
-0
-0
-0
-0
-0
-0.346032
-0.346032
-0.127744
-0.350078
-0
-0
-0
-0
-0
-0
-0
0.346032
-0
-0
0.450026
-0
-0
-0
-0
-0
-0
-0
-0
-0
-0
-0.0499588
-0
-0
-0
-0
-0
-0
-0
-0
-0
-0
-0.0166019
-0
-0
-0
-0
-0
-0
-0
-0
-0
-0
-0.0333874
-0
-0
-0
-0
-0
-0
-0
-0
-0
-0
-0.0333261
-0
-0
-0
-0
-0
-0
-0
-0
-0
-0
1.19209e-007
-0
-0
-0
-0
-0
-0
-0
-0
-0
-0
0.0666523
-0
-0
-0
-0
-0
-0
-0
-0
0.346032
0.632409
-0.0333262
-0
-0
-0
-0
-0
-0
-0
-0.418198
-0.418198
-0.418198
-0.633411
-0
-0
-0
-0
-0
-0
-0
-0.560428
-1.10447
-0.716053
-0.250069
-0
-0
-0
-0
-0
-0
-0
0.116411
-0.988063
-0.884394
-0.200049
-0
-0
-0
-0
-0
-0
-0
-0.331935
-1.32
-0.67299
-0.266701
-0
-0
-0
-0
-0
-0
-0
1.32
0.127994
0.868275
0.183416
-0
-0
-0
-0
-0
-0
-0
-0.868275
-0.868275
-0.421184
-0.183386
-0
-0
-0
-0
-0
-0
-0
0.181387
-0.686888
-0.44078
-0.10004
-0
-0
-0
-0
-0
-0
-0
-0.407637
-1.09452
-0.706105
-0.266671
-0
-0
-0
-0
-0
-0
-0
0.611054
-0.483471
-0.251045
-0.133366
-0
-0
-0
-0
-0
-0
-0
-0
1.10447
-0
0.0999482
-0
-0
-0
-0
-0
-0
-0
-0
0.988063
-0
0.149937
-0
-0
-0
-0
-0
-0
-0
-0
1.32
-0
0.0666218
-0
-0
-0
-0
-0
-0
-0
-0
-0
-0
0.0499282
-0
-0
-0
-0
-0
-0
-0
-0
0.868275
-0
0.133274
-0
-0
-0
-0
-0
-0
-0
-0.0003591
0.686529
0.173361
0.0332957
-0
-0
-0
-0
-0
-0
-0
0.0003591
1.09452
-0
0.183263
-0
-0
-0
-0
-0
-0
-0
-0
0.483471
-0
0.116611
-0
-0
-0
-0
-0
-0
-0
-0
-0
-0
6.08563e-005
-0
-0
-0
-0
-0
-0
-0
-0
-0
-0
0.0167239
-0
-0
-0
-0
-0
-0
-0
-0
-0
-0
0.0500501
-0
-0
-0
-0
-0
-0
-0
-0
-0
-0
6.10054e-005
-0
-0
-0
-0
-0
-0
-0
-0
-0
-0
0.0167241
-0
-0
-0
-0
-0
-0
-0
-0
0.0003591
-0
0.0333872
-0
-0
-0
-0
-0
-0
-0
-0
-0
-0
0.0333873
-0
-0
-0
-0
-0
-0
-0
-0
-0
-0
0.116764
-0
-0
-0
-0
-0
-0
-0
-0
-0
-0
0.0166936
-0
-0
-0
-0
-0
-0
-0
-0
-0
-0
0.0166936
-0
-0
-0
-0
-0
-0
-0
-0
-0
-0
0.216681
-0
-0
-0
-0
-0
-0
-0
-0
-0
-0
0.200049
-0
-0
-0
-0
-0
-0
-0
-0
-0
-0
-0.0499589
-0
-0
-0
-0
-0
-0
-0
-0
-0
-0
0.0666827
-0
-0
-0
-0
-0
-0
-0
-0
-0
-0
0.0334178
-0
-0
-0
-0
-0
-0
-0
-0
-0
-0
-0.0334178
-0
-0
-0
-0
-0
-0
-0
-0
-0
-0
0.183355
-0
-0
-0
-0
-0
-0
-0
-0
-0
-0
0.550035
-0
-0
-0
-0
-0
-0
-0
-0
-0
0.326704
-0.283242
-0
-0
-0
-0
-0
-0
-0
-0.62585
-0.62585
-0.62585
-0.766716
-0
-0
-0
-0
-0
-0
-0
0.62585
-0
-0
0.783288
-0
-0
-0
-0
-0
-0
-0
-0
-0
-0
0.166753
-0
-0
-0
-0
-0
-0
-0
-0
-0
-0
-9.15527e-005
-0
-0
-0
-0
-0
-0
-0
-0
-0
-0
0.0166325
-0
-0
-0
-0
-0
-0
-0
-0
-0
-0
-0.166601
-0
-0
-0
-0
-0
-0
-0
-0
-0
-0
-0.200079
-0
-0
-0
-0
-0
-0
-0
-0
-0
-0
0.0832546
-0
-0
-0
-0
-0
-0
-0
-0
0.62585
-0
-0.0499894
-0
-0
-0
-0
-0
-0
-0
-0
-0
-0
-0.233345
-0
-0
-0
-0
-0
-0
-0
-0.326535
-0.326535
0.0537904
-0.416638
-0
-0
-0
-0
-0
-0
-0
0.326535
-0
-0
0.466659
-0
-0
-0
-0
-0
-0
-0
-0
-0
-0
-3.06666e-005
-0
-0
-0
-0
-0
-0
-0
-0
-0
-0
0.0834072
-0
-0
-0
-0
-0
-0
-0
-0
-0
-0
-6.1214e-005
-0
-0
-0
-0
-0
-0
-0
-0
-0
-0
-0.0832849
-0
-0
-0
-0
-0
-0
-0
-0
-0
-0
6.11544e-005
-0
-0
-0
-0
-0
-0
-0
-0
-0
-0
-0.0332649
-0
-0
-0
-0
-0
-0
-0
-0
0.326535
-0
-0.0166016
-0
-0
-0
-0
-0
-0
-0
-0.50177
-0.50177
-0.155738
-0.416577
-0
-0
-0
-0
-0
-0
-0
0.50177
-0
-0
0.799921
-0
-0
-0
-0
-0
-0
-0
-0
-0
-0
0.0166023
-0
-0
-0
-0
-0
-0
-0
-0
-0
-0
-0.0333263
-0
-0
-0
-0
-0
-0
-0
-0
-0
-0
-0.0332342
-0
-0
-0
-0
-0
-0
-0
-0
-0
-0
-9.15527e-005
-0
-0
-0
-0
-0
-0
-0
-0
-0
-0
-0.0833763
-0
-0
-0
-0
-0
-0
-0
-0
-0
-0
-6.09756e-005
-0
-0
-0
-0
-0
-0
-0
-0
0.50177
-0
-0.0667438
-0
-0
-0
-0
-0
-0
-0
-0.60531
-0.60531
-0.187112
-0.499893
-0
-0
-0
-0
-0
-0
-0
0.199589
0.317914
1.10447
0.150059
-0
-0
-0
-0
-0
-0
-0
-0
0.210565
0.988063
0.200079
-0
-0
-0
-0
-0
-0
-0
-0.55725
-0.184992
0.762748
0.0332959
-0
-0
-0
-0
-0
-0
-0
0.400825
0.336283
-0.156425
0.0332958
-0
-0
-0
-0
-0
-0
-0
-0.0179329
-0.174357
0.693917
0.0666221
-0
-0
-0
-0
-0
-0
-0
0.174357
0.447336
0.686888
0.183294
-0
-0
-0
-0
-0
-0
-0
-0
0.232668
1.09452
0.216621
-0
-0
-0
-0
-0
-0
-0
-1.52047
-1.52047
-1.037
-0.449904
-0
-0
-0
-0
-0
-0
-0
-0
-0
-0
0.0666831
-0
-0
-0
-0
-0
-0
-0
-0
-0
-0
-0.0332959
-0
-0
-0
-0
-0
-0
-0
-0
0.55725
-0
0.0333871
-0
-0
-0
-0
-0
-0
-0
-0
0.156425
-0
0.0833763
-0
-0
-0
-0
-0
-0
-0
-0
0.174357
-0
6.09159e-005
-0
-0
-0
-0
-0
-0
-0
-0
-0
0.0003591
0.0167241
-0
-0
-0
-0
-0
-0
-0
-0
-0
-0
0.016724
-0
-0
-0
-0
-0
-0
-0
-0
1.52047
-0
0.166692
-0
-0
-0
-0
-0
-0
-0
-0
-0
-0
0.0499589
-0
-0
-0
-0
-0
-0
-0
-0
-0
-0
0.0666221
-0
-0
-0
-0
-0
-0
-0
-0
-0
-0
0.0999482
-0
-0
-0
-0
-0
-0
-0
-0
-0
-0
-0.0666829
-0
-0
-0
-0
-0
-0
-0
-0
-0
-0
0.0166633
-0
-0
-0
-0
-0
-0
-0
-0
-0
-0
0.0166633
-0
-0
-0
-0
-0
-0
-0
-0
-0
-0
0.0499894
-0
-0
-0
-0
-0
-0
-0
-0
-0
-0
-0.0166634
-0
-0
-0
-0
-0
-0
-0
-0
-0
-0
0.0166327
-0
-0
-0
-0
-0
-0
-0
-0
-0
-0
0.166631
-0
-0
-0
-0
-0
-0
-0
-0
-0
-0
0.183294
-0
-0
-0
-0
-0
-0
-0
-0
-0
-0
0.299936
-0
-0
-0
-0
-0
-0
-0
-0.156425
-0.156425
-0.156425
-0.10004
-0
-0
-0
-0
-0
-0
-0
0.156425
-0
-0
0.0499589
-0
-0
-0
-0
-0
-0
-0
-0
-0
-0
8.9407e-008
-0
-0
-0
-0
-0
-0
-0
-0
-0
-0
-0.0332959
-0
-0
-0
-0
-0
-0
-0
-0
-0
-0
0.26664
-0
-0
-0
-0
-0
-0
-0
-0
-0
-0
-0.433332
-0
-0
-0
-0
-0
-0
-0
-0
-0
-0
-0.133336
-0
-0
-0
-0
-0
-0
-0
-0.564198
-0.564198
0.0616525
-0.48326
-0
-0
-0
-0
-0
-0
-0
0.564198
0.156425
-0
1.15006
-0
-0
-0
-0
-0
-0
-0
-0
-0
-0
0.0166632
-0
-0
-0
-0
-0
-0
-0
-0
-0
-0
0.283364
-0
-0
-0
-0
-0
-0
-0
-0
-0
-0
3.02196e-005
-0
-0
-0
-0
-0
-0
-0
-0
-0
-0
-0.116672
-0
-0
-0
-0
-0
-0
-0
-0
-0
-0
3.05176e-005
-0
-0
-0
-0
-0
-0
-0
-0
-0
-0
-0.0332342
-0
-0
-0
-0
-0
-0
-0
-0
0.564198
-0
-0.0334177
-0
-0
-0
-0
-0
-0
-0
-0
-0
-0
-0.350047
-0
-0
-0
-0
-0
-0
-0
-0
-0
0.326535
-0.183386
-0
-0
-0
-0
-0
-0
-0
-0.50142
-0.50142
-0.50142
-0.633381
-0
-0
-0
-0
-0
-0
-0
0.50142
-0
-0
0.433393
-0
-0
-0
-0
-0
-0
-0
-0
-0
-0
-0.0333263
-0
-0
-0
-0
-0
-0
-0
-0
-0
-0
9.19104e-005
-0
-0
-0
-0
-0
-0
-0
-0
-0
-0
0.0332348
-0
-0
-0
-0
-0
-0
-0
-0
-0
-0
-3.0756e-005
-0
-0
-0
-0
-0
-0
-0
-0
-0
-0
-5.96046e-008
-0
-0
-0
-0
-0
-0
-0
-0
-0
-0
-0.116642
-0
-0
-0
-0
-0
-0
-0
-0
0.50142
0.50177
0.0499892
-0
-0
-0
-0
-0
-0
-0
-0.426559
-0.426559
-0.426559
-0.616718
-0
-0
-0
-0
-0
-0
-0
-0
-0
-0
6.11544e-005
-0
-0
-0
-0
-0
-0
-0
-0
-0
-0
-0.0500808
-0
-0
-0
-0
-0
-0
-0
-0
-0
-0
-0.0333264
-0
-0
-0
-0
-0
-0
-0
-0
-0
-0
-0.0999483
-0
-0
-0
-0
-0
-0
-0
-0
-0
-0
-0.049959
-0
-0
-0
-0
-0
-0
-0
-0
-0
-0
0.0333564
-0
-0
-0
-0
-0
-0
-0
-0
-0
-0
-0.049959
-0
-0
-0
-0
-0
-0
-0
-0
0.426559
0.60531
-0.0333261
-0
-0
-0
-0
-0
-0
-0
-0
0.507773
-0
0.0833157
-0
-0
-0
-0
-0
-0
-0
-0
0.632533
-0
0.0999787
-0
-0
-0
-0
-0
-0
-0
-0
0.507773
0.55725
0.166662
-0
-0
-0
-0
-0
-0
-0
-0.15586
0.216398
0.000564967
6.10948e-005
-0
-0
-0
-0
-0
-0
-0
-0.0178603
0.198538
0.000637486
0.0333873
-0
-0
-0
-0
-0
-0
-0
0.17372
0.333476
-0
0.133366
-0
-0
-0
-0
-0
-0
-0
-0.33296
0.114131
-0.33296
0.0167243
-0
-0
-0
-0
-0
-0
-0
0.33296
0.556963
1.52047
0.416669
-0
-0
-0
-0
-0
-0
-0
-0
-0
-0
0.016602
-0
-0
-0
-0
-0
-0
-0
-0
-0
-0
0.016602
-0
-0
-0
-0
-0
-0
-0
-0
-0
-0
0.0332651
-0
-0
-0
-0
-0
-0
-0
-0
0.15586
-0
0.0999174
-0
-0
-0
-0
-0
-0
-0
-0
0.17372
-0
0.0332959
-0
-0
-0
-0
-0
-0
-0
-0
-0
-0
0.0332959
-0
-0
-0
-0
-0
-0
-0
-0
0.33296
-0
0.0499589
-0
-0
-0
-0
-0
-0
-0
-0
-0
-0
0.0499589
-0
-0
-0
-0
-0
-0
-0
-0
-0
-0
0.0333872
-0
-0
-0
-0
-0
-0
-0
-0
-0
-0
0.0333872
-0
-0
-0
-0
-0
-0
-0
-0
-0
-0
0.0500503
-0
-0
-0
-0
-0
-0
-0
-0
-0
-0
0.0167547
-0
-0
-0
-0
-0
-0
-0
-0
-0
-0
-0.0334179
-0
-0
-0
-0
-0
-0
-0
-0
-0
-0
-0.0167242
-0
-0
-0
-0
-0
-0
-0
-0
-0
-0
0.0166327
-0
-0
-0
-0
-0
-0
-0
-0
-0
-0
-0.0500196
-0
-0
-0
-0
-0
-0
-0
-0
-0
-0
0.0166936
-0
-0
-0
-0
-0
-0
-0
-0
-0
-0
0.166722
-0
-0
-0
-0
-0
-0
-0
-0
-0
-0
0.183386
-0
-0
-0
-0
-0
-0
-0
-0
-0
-0
0.133397
-0
-0
-0
-0
-0
-0
-0
-0
-0
0.156425
0.333384
-0
-0
-0
-0
-0
-0
-0
-0
-0
-0
-0.0832238
-0
-0
-0
-0
-0
-0
-0
-0
-0
-0
-0.0167241
-0
-0
-0
-0
-0
-0
-0
-0
-0
-0
0.0499588
-0
-0
-0
-0
-0
-0
-0
-0
-0
-0
0.300089
-0
-0
-0
-0
-0
-0
-0
-0
-0
-0
-0.283425
-0
-0
-0
-0
-0
-0
-0
-0
-0
-0
-0.0334179
-0
-0
-0
-0
-0
-0
-0
-0
-0
0.564198
-0.083407
-0
-0
-0
-0
-0
-0
-0
-0.572055
-0.572055
-0.572055
-0.899991
-0
-0
-0
-0
-0
-0
-0
0.572055
-0
-0
1.39995
-0
-0
-0
-0
-0
-0
-0
-0
-0
-0
0.166601
-0
-0
-0
-0
-0
-0
-0
-0
-0
-0
0.0166329
-0
-0
-0
-0
-0
-0
-0
-0
-0
-0
-0.133427
-0
-0
-0
-0
-0
-0
-0
-0
-0
-0
-3.06368e-005
-0
-0
-0
-0
-0
-0
-0
-0
-0
-0
-0.0333263
-0
-0
-0
-0
-0
-0
-0
-0
-0
-0
-0.0332958
-0
-0
-0
-0
-0
-0
-0
-0
0.572055
-0
0.0167243
-0
-0
-0
-0
-0
-0
-0
-0
-0
-0
-0.383251
-0
-0
-0
-0
-0
-0
-0
-0.29469
-0.29469
0.20673
-0.383251
-0
-0
-0
-0
-0
-0
-0
0.29469
-0
-0
0.516648
-0
-0
-0
-0
-0
-0
-0
-0
-0
-0
-0.0166937
-0
-0
-0
-0
-0
-0
-0
-0
-0
-0
-0.0166632
-0
-0
-0
-0
-0
-0
-0
-0
-0
-0
0.016724
-0
-0
-0
-0
-0
-0
-0
-0
-0
-0
0.0167549
-0
-0
-0
-0
-0
-0
-0
-0
-0
-0
-9.16719e-005
-0
-0
-0
-0
-0
-0
-0
-0
-0
-0
-0.0667133
-0
-0
-0
-0
-0
-0
-0
-0
0.29469
-0
-0.0500808
-0
-0
-0
-0
-0
-0
-0
-0.213569
-0.213569
0.21299
-0.299905
-0
-0
-0
-0
-0
-0
-0
-0
-0
-0
-0.0500202
-0
-0
-0
-0
-0
-0
-0
-0
-0
-0
0.0167238
-0
-0
-0
-0
-0
-0
-0
-0
-0
-0
-0.116734
-0
-0
-0
-0
-0
-0
-0
-0
-0
-0
-0.0833768
-0
-0
-0
-0
-0
-0
-0
-0
-0
-0
-0.05002
-0
-0
-0
-0
-0
-0
-0
-0
-0
-0
0.0499589
-0
-0
-0
-0
-0
-0
-0
-0
-0
-0
-0.0166935
-0
-0
-0
-0
-0
-0
-0
-0
0.213569
-0
-0.0167547
-0
-0
-0
-0
-0
-0
-0
-0
0.86246
-0
0.116703
-0
-0
-0
-0
-0
-0
-0
-0
0.210763
-0
0.0833769
-0
-0
-0
-0
-0
-0
-0
-0
0.507549
-0
0.166723
-0
-0
-0
-0
-0
-0
-0
-0.200307
0.0319464
-0.0444476
-9.14931e-005
-0
-0
-0
-0
-0
-0
-0
0.199984
0.686181
0.173397
0.0499285
-0
-0
-0
-0
-0
-0
-0
-0
0.245375
-0.000323051
0.0332655
-0
-0
-0
-0
-0
-0
-0
4.10535e-005
0.867993
0.332678
0.0666222
-0
-0
-0
-0
-0
-0
-0
0.000281997
0.388632
-0
0.166601
-0
-0
-0
-0
-0
-0
-0
-0
-0
-0
-0.0666219
-0
-0
-0
-0
-0
-0
-0
-0
-0
-0
0.0833458
-0
-0
-0
-0
-0
-0
-0
-0
-0
-0
-0.0332957
-0
-0
-0
-0
-0
-0
-0
-0
0.200307
-0
0.0333872
-0
-0
-0
-0
-0
-0
-0
-0
0.000323051
-0
0.0833764
-0
-0
-0
-0
-0
-0
-0
-0
0.000323051
-0
0.0667133
-0
-0
-0
-0
-0
-0
-0
-0
0.000281997
-0
0.0667133
-0
-0
-0
-0
-0
-0
-0
-0
-0
-0
0.0833766
-0
-0
-0
-0
-0
-0
-0
-0
-0
-0
0.0333263
-0
-0
-0
-0
-0
-0
-0
-0
-0
-0
0.0166633
-0
-0
-0
-0
-0
-0
-0
-0
-0
-0
0.0333263
-0
-0
-0
-0
-0
-0
-0
-0
-0
-0
0.0999786
-0
-0
-0
-0
-0
-0
-0
-0
-0
-0
-0.0999481
-0
-0
-0
-0
-0
-0
-0
-0
-0
-0
0.0500196
-0
-0
-0
-0
-0
-0
-0
-0
-0
-0
0.0833458
-0
-0
-0
-0
-0
-0
-0
-0
-0
-0
0.0166937
-0
-0
-0
-0
-0
-0
-0
-0
-0
-0
0.0333263
-0
-0
-0
-0
-0
-0
-0
-0
-0
-0
0.166662
-0
-0
-0
-0
-0
-0
-0
-0
-0
-0
0.349986
-0
-0
-0
-0
-0
-0
-0
-0
-0
-0
0.299997
-0
-0
-0
-0
-0
-0
-0
-0
-0
-0
0.333323
-0
-0
-0
-0
-0
-0
-0
-0
-0
-0
0.233344
-0
-0
-0
-0
-0
-0
-0
-0
-0
-0
-0.0166324
-0
-0
-0
-0
-0
-0
-0
-0
-0
-0
0.0500199
-0
-0
-0
-0
-0
-0
-0
-0
-0
-0
0.183355
-0
-0
-0
-0
-0
-0
-0
-0
-0
-0
-0.249978
-0
-0
-0
-0
-0
-0
-0
-0
-0
-0
-0.149938
-0
-0
-0
-0
-0
-0
-0
-0
-0
-0
-0.0499282
-0
-0
-0
-0
-0
-0
-0
-0
-0
0.572055
-0.316721
-0
-0
-0
-0
-0
-0
-0
-0.351106
-0.351106
-0.351106
-0.766717
-0
-0
-0
-0
-0
-0
-0
0.351106
-0
-0
0.450057
-0
-0
-0
-0
-0
-0
-0
-0
-0
-0
0.133397
-0
-0
-0
-0
-0
-0
-0
-0
-0
-0
-0.116642
-0
-0
-0
-0
-0
-0
-0
-0
-0
-0
9.15527e-005
-0
-0
-0
-0
-0
-0
-0
-0
-0
-0
-9.17315e-005
-0
-0
-0
-0
-0
-0
-0
-0
-0
-0
-0.10004
-0
-0
-0
-0
-0
-0
-0
-0.982689
-0.982689
-0.982689
-2.04999
-0
-0
-0
-0
-0
-0
-0
-0.0172377
-0.648821
-0.999927
-2.11664
-0
-0
-0
-0
-0
-0
-0
-0.00850473
-1.00843
-0.713741
-2.28333
-0
-0
-0
-0
-0
-0
-0
0.789998
-0.218434
-0.218434
-0.483413
-0
-0
-0
-0
-0
-0
-0
-0
-0
-0
-0.0332651
-0
-0
-0
-0
-0
-0
-0
-0
-0
-0
-0.0334178
-0
-0
-0
-0
-0
-0
-0
-0
-0
-0
-3.06368e-005
-0
-0
-0
-0
-0
-0
-0
-0.982766
-0.982766
-0.982766
-2.09998
-0
-0
-0
-0
-0
-0
-0
0.00857959
0.00850289
-0.974186
-1.99997
-0
-0
-0
-0
-0
-0
-0
-0.0257419
-1.28532e-006
-0.999928
-2.08329
-0
-0
-0
-0
-0
-0
-0
0.0171623
0.0256658
-0.982766
-1.99997
-0
-0
-0
-0
-0
-0
-0
-0.0255953
-0.789927
-0.794792
-2.1333
-0
-0
-0
-0
-0
-0
-0
-0
-0
-0
0.0333872
-0
-0
-0
-0
-0
-0
-0
-0
-0
-0
0.0332652
-0
-0
-0
-0
-0
-0
-0
-0
-0
-0
0.0333262
-0
-0
-0
-0
-0
-0
-0
-1
-0.0172341
-1
-2.1666
-0
-0
-0
-0
-0
-0
-0
0.00843668
-0.017377
-0.991563
-2.08328
-0
-0
-0
-0
-0
-0
-0
-0
0.00836495
-0.991563
-2.08328
-0
-0
-0
-0
-0
-0
-0
-0.0168028
-0.0256002
-1.00837
-2.13327
-0
-0
-0
-0
-0
-0
-0
-0.0168685
-0.0168734
-1.02523
-2.11661
-0
-0
-0
-0
-0
-0
-0
